170.148876488288
154.135964412163
124.117909093804
74.6108134547315
18.7401386521737
-26.6490819508562
-69.9067529662018
-97.3183472059114
-117.937585510685
-123.043234483484
-127.517678520104
-119.481716861188
-118.307375029108
-104.734937360511
-115.414152125686
-114.118477497718
-132.203918692013
-115.77074418257
-85.0301986738884
-26.2306930229115
33.8127518516814
98.8709331726817
139.302732031833
179.172582847048
195.526150893176
197.070733584426
174.003157193482
147.034709896266
103.282673417592
65.5916609946465
25.932039787785
5.53051718401468
-7.65238694872931
-1.40814429349841
10.4310693057225
49.7496415222836
83.3406220734415
127.75467196844
153.656293612335
172.462950144061
154.906144696538
137.297480072921
101.148096939622
74.5772777184392
28.03658789501
6.34755949570781
-21.4515511746078
-22.1610139259873
-25.3846415499631
14.4589554993655
40.8741792500839
86.962064518042
92.1930999248502
95.3233508806546
65.0536183908034
44.567544832266
15.6930287579687
26.8500762455042
39.8204855506407
94.4946549660774
146.312317077093
202.077958326424
214.227386582039
201.797834734697
141.794182199586
72.3490190561139
-28.6451893431191
-132.150989654247
-234.32768119735
-312.994068302253
-357.749991541083
-366.39319499633
-352.161763539943
-313.053011589769
-265.335672448327
-185.487843092229
-102.312076276663
-8.53279572091057
77.8818084694257
169.306840202679
238.082859064415
291.229926893721
300.939555404156
275.380115485921
203.791148215256
134.565638801297
52.2480632514018
9.24651533020761
-33.3674730834757
-39.8286352444476
-45.4861595421325
-29.1076133523928
-7.92371128035588
26.6792280205686
47.7654319120745
75.3527526119932
96.6150056976388
142.869661240847
193.127896857664
253.175894243111
288.596592652071
289.861840524113
250.191658218444
198.90057703825
152.054900787126
113.096594672681
99.6149418355969
102.331338218251
127.829084324636
163.480863810952
199.768103686866
227.736213851901
239.327750271288
219.917944473652
176.643724486255
125.616311466412
78.8274340576186
55.6222339037993
49.9057241992065
48.3643268500859
50.3616506002816
47.3008436248874
38.9640257382889
18.4490227300997
-15.6905087889561
-50.5968598311721
-87.4093540199812
-119.630069025536
-154.626542396412
-179.986386729998
-202.859818471683
-209.574120782092
-205.961420610841
-199.613655350891
-192.135012164029
-183.38837335926
-143.991091667965
-84.0733500928583
-1.12076511855808
79.6748324658424
157.069831739339
205.416734879062
223.86816645966
205.378981065808
156.993350227133
101.797395271493
40.4764417172002
-3.39115968337717
-44.5188773109644
-78.9908649087617
-112.553364158405
-143.189887643521
-190.811754920472
-228.157101508323
-265.766868608435
-292.669756534979
-305.201013596406
-305.027683174413
-282.79595667024
-250.053711826097
-216.444849140093
-179.919852655785
-147.877048109722
-104.00078281022
-60.578316859897
5.77422900614121
57.7943602886095
115.890328168304
164.988739472097
220.765333705846
251.873814944657
287.53717275687
299.421252231282
295.494297177037
249.948435734526
188.281152154932
103.055939141198
33.7607460762702
-40.2990778962548
-86.900173792665
-143.657096898802
-183.352162932992
-214.816593738378
-207.848009282188
-199.53193303841
-150.795473034704
-97.7301262280675
-12.6947825903081
42.7045957521784
101.856032384575
121.818452084404
137.570269988154
112.872164557819
91.1112968170791
43.9644198674076
6.10349505391481
-25.2817407641674
-26.4963544189645
-24.5215493271551
10.026141619422
23.1774112336222
43.1281100121389
36.3459062301634
48.2776277070534
42.8493860893796
42.0211010790392
7.71705786561915
-17.817948990933
-45.7139094298098
-47.3852142778356
-48.0327927817707
-46.3414035647815
-63.4999184839795
-65.0643910046003
-82.2438860750889
-73.0737315029269
-55.5851687683882
-15.1899538075078
2.94171536880913
24.1687385803882
14.4857743522556
8.51043935692967
5.04407115532824
28.7842666289896
56.4278889658196
92.5606433368662
125.433304317704
149.225790207891
143.642162341873
136.755991239103
121.200434730112
108.754521107116
99.1963652655926
98.6216772261763
110.051356165679
129.569219169271
142.965461708098
151.999894819549
151.094135839055
148.417017601699
161.766192419451
191.045415117962
232.970227867975
270.609309686884
301.994051004193
324.447839151293
334.997438941331
309.212455654908
258.835995500013
181.384868723922
87.703277508402
-15.2799328360634
-90.8950607731047
-149.239358315812
-177.28670294022
-181.021488296743
-179.039739093815
-162.637289537934
-131.386832704269
-82.6349955739598
-26.7249227352284
33.4231703239508
75.5778120732058
106.715755235277
106.078587263867
95.3991182447348
64.6616051550317
32.8438532961905
-6.64321812905099
-47.5711883181201
-88.0666123006873
-115.091624916472
-146.020937579716
-164.479361772073
-187.027210397597
-196.801096793612
-206.511556347534
-222.97333105217
-246.702615703625
-258.315530055075
-244.222757123036
-217.933658076592
-172.646117526458
-134.551576659523
-88.3248677207455
-68.0777435607257
-56.1948561194957
-77.0193205280837
-96.1394729479221
-122.194385880357
-137.480191069028
-158.109360126471
-169.488249370668
-195.048134779184
-222.630397529281
-256.032243910201
-272.528437710061
-280.342303139087
-254.749515784957
-219.888593208213
-156.248117113187
-97.4475522498878
-16.8359480078344
63.8145960850781
138.288720323729
181.370702882437
221.267899887688
240.248181353823
254.450496712719
257.410872741091
260.172287135813
247.359860028649
218.178885355103
160.578190153672
97.7315646973026
29.7156884738726
-23.8235923046065
-66.2386901096236
-77.2703737337866
-68.9125755484574
-21.458323529274
39.5920670231997
105.760741383339
149.124461362468
185.252076886309
189.007678993178
191.677270546125
174.274452374171
160.080749455706
115.489550987737
63.0936585483513
-4.63428057848282
-51.3151643480413
-66.33654359774
-43.24413526179
3.5749580767834
75.869421128375
142.664538144376
184.869300587697
191.331454302582
155.158951425178
112.710894827213
56.4367832933507
10.8041304552586
-38.8751854392708
-83.0223899027618
-133.579952731388
-163.250212174098
-201.05433668386
-227.892392112895
-261.631077792863
-278.786853494424
-281.513376672027
-261.012240610141
-234.843946841924
-191.852519488901
-138.033884856045
-76.5471621847466
-9.01535205735462
59.8342718299432
124.768885845087
186.299322970763
230.484564744681
259.561535893553
278.954589295284
280.423113378848
290.761875684376
289.261022703181
285.82007328106
267.086324751973
242.761659876839
191.617446734973
128.881333551106
52.769859985066
-21.9208246589971
-105.374335609148
-179.213283832134
-250.20765864783
-291.430666647198
-309.016913242122
-279.83138755987
-217.925786383511
-139.912615662676
-44.0912874261062
55.5774492455519
144.340582256961
210.667614247238
256.289963972611
283.686256889923
286.161750680727
265.077544004516
223.759730253824
174.62558053973
121.014499397595
68.5596209119586
28.1673775674503
-3.93647414826599
-36.0841249077513
-44.8267162082833
-33.2617231446624
12.0987985178025
72.4921102368382
126.837820543641
165.243372578633
170.29334775583
139.566772004881
71.112489092085
4.7332017824284
-43.34342656492
-43.2107788596592
-12.6728911252198
42.3530518856807
91.0621083571066
128.301275690157
141.748317798828
116.392899047109
69.3087587151805
-3.35154624319323
-60.2068661328479
-119.405822059439
-134.976572094698
-138.488018362445
-101.461965120131
-60.1848212846008
-0.0785009620314128
52.4055571534568
113.927110551615
144.231413064136
150.174278169267
121.239701911293
78.9622398300933
31.4034079116723
-17.930352139714
-44.9502796936642
-55.4362086008204
-47.0690041142165
-39.6597058993516
-40.8480641105907
-48.8674276267005
-52.2900661241727
-54.9288851075602
-37.9727390264929
4.89392997401887
74.9091498506036
163.357104425815
250.736508963165
310.557430556166
335.270669279186
314.349256077195
269.273310796771
217.822838237464
167.356969334486
119.552812177346
85.0555544475831
48.8515953978503
24.9847801931542
-9.95198284745312
-48.5331861586756
-98.3694663097143
-144.476056088189
-197.914786633111
-222.297153290112
-232.635976535043
-211.508231452851
-169.621982445235
-111.514018063944
-39.7177771236025
25.4870107951395
74.191849066388
100.451271852509
102.829999847971
88.0471311125318
53.4215690725339
7.99349599435037
-22.4162250374684
-30.8344942868196
-28.8112212352703
6.92983491757598
47.9288150392864
117.161040987011
172.36969061639
222.206033203589
231.665469274151
217.279554713329
162.017635449026
101.265528007914
34.4375675344915
-5.05750646152522
-35.2324742776443
-49.3255200831369
-50.8712254664181
-33.5797765939815
-15.2433767416819
21.6555736918294
48.7641690615152
88.5051242022556
118.827584094845
163.829565203111
182.52799579254
200.131312462485
193.158178332741
184.626023187535
151.013551762805
106.640610851135
47.1325801290116
-5.70944662391079
-57.9608045757393
-102.038536282108
-131.082778446237
-135.51014618758
-131.587037217354
-117.394813820694
-97.6639718508616
-60.1248350071064
-17.4302769507323
28.4055080574372
64.9556643271904
96.0158049401704
99.4152981104475
89.7617854891631
77.7434435767072
75.9457993289152
78.5672205631882
97.7317498744471
111.942321921539
148.249890507521
200.775623099869
279.113580325692
345.445442931017
395.636211331574
412.409584009518
405.106198360655
366.57635825081
305.401096189891
233.613615870497
170.883972340427
125.124736877529
115.587275321917
106.968097341003
84.0503027570118
38.8840030688875
-20.6136915523062
-86.2374243999739
-136.24987503454
-183.509556615155
-218.203026198845
-240.81550554414
-248.941851241573
-247.602719684898
-242.032517205794
-235.811389056291
-221.481235124437
-201.4922640875
-181.334206027613
-150.495943810273
-127.53275975602
-96.0759867549371
-55.7630520243997
-2.37848552827259
60.8582477918942
135.738605884892
198.187590615825
242.591116524433
266.841478456134
266.925169658995
240.546650664033
178.223248181887
97.046591293528
-7.81949736276796
-101.583818509099
-186.161839193573
-240.104486560279
-272.165552133405
-284.598820462238
-264.000408734584
-238.653613252283
-199.213303134402
-171.625863825645
-131.778121714514
-107.851051825067
-86.4374401729096
-81.5890088376809
-84.3347082389076
-89.0773119664088