87.5645648356644
81.1223449664459
103.319118758333
104.182324578209
77.6450551954788
120.972424761724
118.902090258783
77.0741823784036
90.3121615472116
96.3857224069402
104.491919198527
101.916044246564
108.858404293081
91.6309365181061
101.855620974854
74.0264776119508
113.184819506151
99.4177508872156
123.093458209628
107.298347256603
73.649186980603
93.0685101208123
104.636376986596
105.516029614865
124.90041230446
97.2567178191238
75.3651989483219
92.905286350798
108.238893533098
98.8523183475996
108.141570190504
102.411323314388
99.7404312282816
92.7580332364023
96.9305546563878
103.088007789357
121.438395177089
89.0986961586824
100.40047572876
97.711956957655
96.7446574210067
91.4024473359615
119.743499598832
100.718518841179
91.3661513257292
79.3990199286485
118.479830483101
100.633513437166
102.497494041172
98.9022946217592
120.173842384753
74.930609490795
97.8847325334072
90.7540511801297
112.55196923887
113.731418129551
100.906117000925
92.8617303989873
105.097066130809
83.9149896809518
114.973561687319
108.872337764171
91.0462164470913
90.3260143986496
103.112989242537
99.4151921663221
102.837238011747
79.6925648994308
83.5449455342357
114.035744855072
101.490832658175
109.602726027174
88.7253132213361
82.2010298111352
105.658084863725
104.986137654347
128.776862407532
90.7157646756169
85.8598946033789
103.287906675353
111.808929040861
95.9336916662331
100.025612623167
92.3690485548337
93.1668927656908
97.6356069481621
125.667838551615
84.6778071994297
104.104420384277
78.0375638048454
102.942330389879
112.665670766243
106.025398193888
114.285856672
89.0671584227739
80.2985473766723
108.5032008352
114.016137247044
122.326333635529
96.7981608573513
83.5437115404459
85.4492267263141
90.0760678536691
120.461933980515
130.290162096425
107.804574079272
63.8466847511204
93.9442076289854
100.82817730496
117.793215297492
119.435244392775
97.006800938525
96.0879343755046
88.9657203515892
83.3156465279176
106.664890146068
125.139723899656
104.770760321554
100.368948552252
82.4718127352687
76.1852637887457
114.56351477704
117.199800611975
105.715751353753
91.026454347891
81.6137283224477
102.961542826994
96.7603641488483
98.3718966971109
96.8547580632188
106.951607602044
96.7195218322989
98.1947503302738
96.4864239866205
82.0529126146673
103.836090502817
109.790914268918
131.601933718693
92.8281179479409
78.6452504941462
87.6602196934555
109.374216705193
109.472027814283
103.333516166486
100.917192185056
86.0923315790132
106.029176113012
85.8662129415119
104.076555410428
94.6343304588188
94.3807159707396
109.924890453539
98.0788232400186
76.6623065244067
110.928058215502
99.1763781434224
85.422730161082
108.963617659862
92.9600971009003
108.321763811523
94.186646677999
84.6128831059426
109.728639983626
101.546027835927
112.458766531635
92.5639389393904
107.717406472531
78.0615902260938
105.624419969082
123.305309503488
107.243959686298
81.3197407224658
109.054759872874
96.4007654341948
85.2540789330388
95.3559373110579
114.190276686359
105.859924956443
105.76484155361
75.0012578401206
93.3760921248155
85.485817130945
109.973290083645
128.948809942338
110.334888564972
65.0438754294359
104.620755423965
100.978732804224
111.406916205546
84.5419420161305
114.276756129661
104.241690361179
96.2972302608238
83.5040376580894
101.466093956046
97.1904741370748
99.7627912684445
121.039490079507
100.257137619476
78.1369625674268
111.554236029741
79.2079113174246
109.406701864055
113.084062022325
118.047535000473
83.0622667387338
73.7788540315745
85.128146084297
125.526544772446
126.657736520154
96.3658893515556
77.351511763543
72.3440204088257
99.4474295581005
139.858056739684
94.6838483451884
106.076034674985
97.9922271279219
78.3315505921611
74.755395074249
122.332985566878
114.287037224916
111.404045228916
111.262255687976
83.0861512294928
73.1435076503078
94.3141016797449
127.804720674496
110.729918954827
90.2063023660636
114.335216643026
92.1658698879373
78.0052443681157
104.672339895054
109.58442526858
118.116478217168
101.199906862761
83.5740968446527
98.5140020559527
103.217218036412
107.135015918507
123.548787191208
98.519054130271
86.5628294667773
89.605574778716
110.291316698018
121.395150188554
103.377339340171
71.4248767764105
97.3774247422058
105.6154943912
94.2824445154529
100.476557131257
120.518245698024
84.6307009691994
83.8440494613925
108.340789709078
85.601536204344
120.803436113023
120.228409354469
94.5083984511434
83.1476412581627
92.5243558519969
92.912895829031
117.024133563147
101.80925137084
106.953633608039
91.4927224415623
85.6217329104474
93.241106524528
93.1576936659071
112.658877535747
113.27748531066
81.1599794796394
96.1955730127958
91.6348221314171
101.398161897699
102.667511998896
81.4123680865723
103.810810177569
118.411592784507
109.683147416014
69.2879460389452
94.0191778576298
94.1466276227193
120.400819212536
95.0355768815581
97.533111404274
87.6907001006018
102.235068658418
101.258907937373
88.0919347247676
92.4728695848268
104.013583674521
93.1562510895497
96.2606936638661
105.579858782474
103.136520442155
88.1884599646164
103.681230130293
90.6089618271639
109.988987163454
98.901866702167
116.677969427424
108.659623248919
72.6628598212085
87.1053091879844
130.877452434051
108.22562192693
92.1791412586691
100.816231724797
94.8857080089113
91.2339024420369
93.6907482257913
101.668736671281
119.259478608317
101.791631756764
88.628646240241
87.9581642113297
106.363889883175
105.321759819299
120.040788478612
100.051124444871
82.9230858127563
92.2043489870623
119.801005902181
96.8516143838603
110.083101823742
93.4009680793383
90.6163115486184
79.493964797732
102.592089390068
120.177462821076
116.216881093616
110.698763350654
75.402680370209
82.0999887854574
114.687607583626
108.165289017207
95.7593889428955
108.604624606902
89.5628224295067
116.965446236518
80.7587038661591
85.4547346924752
95.3403088222387
101.895999970939
109.059939266401
119.044291863679
74.0647028965552
81.4241173173789
96.4675073764405
108.88766901027
117.754206273787
94.9518548391233
83.2319932006104
101.132256014437
111.544057647676
95.8122330935542
107.557830359934
101.880006785377
97.9261341819826
104.754115015594
92.4005831083663
101.529740594627
116.204003062577
90.8589508899231
117.532035248044
87.4624165340256
88.610635011576
105.950253417845
107.033424840994
91.1377565305841
99.3279332620587
104.057753269035
92.385827606576
82.9057074009894
100.588502104889
101.950971714712
113.09946494749
101.255295978104
102.186207192187
96.8134552446548
76.947289396616
124.571918292166
116.488939644816
92.4470819931715
94.4619224717729
103.557384623893
104.345295771556
88.2996370497806
95.3545331141301
106.022820341138
108.987463431673
96.9660258860646
89.6815148727785
103.77931247671
94.96226513217
88.3014492787233
129.285790457679
111.215897667562
98.2176710773348
87.2651141310624
75.3900079051654
112.877821297147
108.615132450049
101.511094797972
92.7133828596295
114.507921080969
101.292288865687
95.7157747537722
84.6776042824164
95.690060713619
110.370160220382
115.103421138491
109.09132034576
69.9832025775812
96.9684607076007
90.062666847785
119.365438663299
90.1648461833045
115.820278044685
92.1087116940187
98.0876090746339
98.3928288990567
101.148756245919
110.168287947865
108.694741845295
80.4902924953098
84.4230424547067
111.346651524692
108.807943602735
107.742247344658
78.0860345088908
109.137982325201
96.8251760087663
93.8564805344604
96.2724756516815
97.3705874438193
115.746643693092
110.59847807871
84.8002011541438
99.4796373088471
111.896387119276
101.798353033332
105.223906841714
97.265311717073
90.1800195960547
106.127624734482
101.323156878897
109.828558903696
108.715041484347
79.6940701072139
83.7919498888749
112.011100661967
100.193325880417
114.482090017046
90.1999563788484
85.8352672135566
97.9117399277914
100.711218500057
91.5513005977166
120.668800384375
97.2113008248051
90.0211906394713
105.127157739499
91.8705426179246
115.32101183486
93.7862603388718
93.2594398682655
104.435336333567
98.2441681285648
100.422532419131
88.7174734047883
94.7450112976272
123.278541678987
104.349205822614
73.5809499125562
120.626615487774
95.5365315497162
115.264361669767
91.9021048634141
92.5944176560218
96.2879567804967
102.276915152414
100.335020744565
107.256479436948
100.594973259315
97.5256352321176
84.9380434101623
88.9841224051322
123.23164215157
114.777568691652
89.8811699260005
105.960891512343
83.0999143950689
106.484426395235
107.34264828856
113.444692475378
82.754228816376
101.751140109906
105.889636011792
99.2276199940061
90.959007699863
89.862002190767
108.5383178088
107.192258605755
94.4677424140814
85.737041924093
108.53287691828
108.109580483417
86.0459063498751
97.5870843079838
111.31185841263
113.662160645606
93.1379292951167
86.8230246412517
97.5129573609302
108.7313563184
91.744024230416
106.417175417273
119.964466661057
94.5466776802594
80.7023053120152
103.114313558052
96.2622298834888
129.771088479282
124.195334010881
94.6705620773015
68.6021080704732
89.1010600864194
120.256964609213
120.368346379645
103.030107413909
84.0378493879172
96.6614075174308
103.056942320064
102.607635390785
116.340900505662
77.0053528054299
77.5291317207568
118.947824785105
115.035602395071
100.00278680388
95.4904498809134
68.5539816056399
89.27829514476
119.817985379719
110.12379736969
100.707218341757
86.6671821113096
88.7010337522804
103.765317777548
101.370872198563
92.5997431070357
113.802019258455
88.5999750263812
103.859329609173
113.101090639761
93.5580439506326
99.6588396257432
106.143264617964
89.8592644675626
98.863318218959
117.849225510043
97.4725703915767
87.9344415151365
79.5227698558342
105.482045313632
96.7404323229455
113.677319196589
97.2780339137165
88.5402165376877
92.3289765752796
87.6693657058183
129.489191660786
87.8800051790931
99.4044403643875
93.1705530368492
109.584683023791
89.9113267819695
89.649085581829
104.964920886593
96.7977535726328
112.157106752117
96.7685677614777
73.4143806170014
112.227343263945
112.604288512944
102.910670081036
92.6181372516611
99.6472714597761
105.056611682293
99.211922925678
105.631243689496
97.5819794820656
97.5371503498212
104.391505697296
99.5308182551785
88.1414020184302
119.17102260894
105.514263328922
81.1948030534373
86.0709731683099
112.378145924113
92.5951594647904
121.506332040169
112.326053112256
73.7498601256294
90.7508408740064
92.266846374079
108.602023273347
124.193559359901
97.5697520934219
103.693723383696
88.6553153678962
75.5825871375271
93.4173648555775
122.964139520228
120.156744753779
94.3912711017702
96.2665458998048
73.9765274535478
114.657130128107
105.80177327086
103.114255156558
107.268006963062
97.4571234880359
89.9626966273154
81.8652371856121
125.491402145649
102.176339547506
92.2744956727202
91.7496388903333
104.934383148434
97.6250896714985
93.7059368708057
104.07860351386
99.7976721200056
92.4652543112293
112.571824752568
96.5850935627518
90.7486138826605
84.1196507059988
137.790327832636
95.6204714109567
112.943262771816
69.2867794888409
91.0049842707779
137.28072405943
100.599738324283
98.0123655000969
105.193817702659
72.1326936172596
112.145046439076
99.6126103092544
120.93262505985
98.0157202590835
78.8020570924607
95.2187498761351
108.306811184394
83.5898708544483
112.901017883339
131.576299187269
89.2026197859397
88.7199440206846
77.9252023246238
111.974960356427
112.526565495721
97.5963405740687
131.466132573789
91.5638913194328
90.4478804287404
98.2746090045137
83.0689690165663
119.875020955271
129.137470661098
84.4425174331414
91.8103658033668
113.160365066278
100.438721630554
94.2787328694019
82.6811600673798
109.588390694196
110.11920990113
122.039082394754
84.3765727762544
82.7034638335077
103.991857287503
106.802442376751
85.0560609241897
89.2142578202095
116.130850174539
117.591541340692
90.6844789272134
82.2749833676327
99.1953192808204
95.410856149143
101.326181486503
120.391624199872
94.7502748611132
97.9177079650461
96.9353579297785
91.8423960608907
76.5297047532971
114.92660791477
110.621868550843
100.754312955553
98.1440583227729
105.837134831298
78.0691114655111
93.1864831243273
122.225105846758
111.473334441681
104.922803648151
95.432979310755
80.5926410167716
87.9953331285204
111.915187942198
106.11461089126
114.78664634247
94.8822670833631
92.1253047452215
97.5950571984827
91.6335522757176
116.549032322127
96.5699427901215
106.335920287554
99.9575257635055
100.139817783881
99.6968280833491
115.642252214352
85.3956055872047
93.8089767469171
90.6869691923613
130.445189096674
97.0421258571817
102.879736098656
86.3530518944593
91.4368250991634
107.93848790534
97.6802533196388
101.796576372765
86.1823801238131
118.134509160819
105.902314717215
88.4299731825186
77.7714244363687
102.585019482338
86.1599561235801
122.397698334475
96.2146295237532
104.587643305108
85.3457273879954
87.8038208469946
107.058170114769
99.1701874562189
110.684676477385
102.10020080661
97.8261934914859
93.6969088299174
93.8705480484224
98.8639369984525
103.615614978038
99.71972402076
139.588636043878
74.1866420052669
88.2431127414657
86.8442521893814
114.533587900263
112.283536060133
104.573928226158
93.2463608484701
80.5684843603101
98.6641577526429
82.4728021270423
105.09377289366
133.940738695695
96.0883665061232
56.1712374530438
99.0919532372921
114.814390339073
115.324904973459
102.506537228756
74.4710977495104
100.247888168383
109.040170647314
93.2583482540554
107.627035454459
99.5300965247798
115.175438050994
102.741562415542
86.0618275405456
94.5200278627397
100.992779440825
100.872123779389
125.307842863237
99.9170714846157
90.3213944389806
70.8768036605266