231.20141650984
297.73421326442
368.183001561989
383.232970318632
387.342034859709
406.018381127792
329.109776306609
202.904348624528
145.854467144067
82.1590767930338
-13.2216553227603
-104.523133326407
-192.516426945392
-294.594603775805
-395.882135072189
-508.211111092638
-616.080512108337
-775.893993402172
-959.654266205454
-1136.2243383072
-1255.53161615728
-1257.266608012
-1235.26962946021
-1223.6197329171
-1204.52241586248
-1210.50449636523
-1193.41711702031
-1144.86199635848
-1144.85351704847
-1187.70798353614
-1220.56975011236
-1269.11409610473
-1334.72109731296
-1390.41803356441
-1422.34320739959
-1433.07441270007
-1430.19055552449
-1410.64872015288
-1322.11925754104
-1213.55952339548
-1119.96588806325
-1026.47479942775
-958.497181842585
-956.470174111522
-958.89133250932
-935.812720603961
-925.268780767705
-973.914173485723
-1011.81334815179
-1015.84200635021
-1019.44713537615
-1014.07353132899
-923.290349947927
-817.408404930484
-752.343547313183
-743.572305358053
-789.232296148753
-834.607230261009
-865.49056631691
-873.205509021222
-802.953566738212
-697.125390707428
-555.97110545353
-365.670715660149
-216.331351456308
-165.67412829888
-188.126751552085
-261.276376466082
-358.959228525321
-514.551606097191
-770.813383595822
-1046.02070092445
-1308.74075847159
-1534.9167330577
-1725.60792013917
-1936.67935751365
-2139.80269103258
-2318.19855622464
-2404.96498119875
-2419.89939595198
-2436.32266514481
-2421.95956364972
-2342.43561276182
-2252.18292499509
-2192.63033210474
-2188.6403530792
-2267.99121248215
-2423.20293773621
-2541.30736017511
-2630.79792158667
-2685.42323039197
-2730.32225985265
-2792.70933860127
-2832.70826023233
-2864.58295736181
-2851.88702596901
-2803.77947097671
-2788.68434024606
-2770.20703062135
-2701.51356727672
-2544.35683009177
-2317.23388410935
-2092.91894514754
-1922.79066493941
-1863.20899799835
-1879.59004737168
-1861.72383754806
-1757.49316615973
-1648.65259285241
-1527.98843744951
-1367.37800380186
-1183.06759857228
-964.896675097999
-752.464593627981
-556.865491124731
-379.18444291852
-275.448779295586
-238.992748651609
-183.8835553485
-93.34561962515
39.8387904110764
196.953833362877
292.2048174646
348.919594390251
407.350456817281
446.081541391687
447.241851918535
391.026432018055
323.905056455353
257.74574867126
159.429539418769
14.1270433857624
-148.958316645651
-315.177453861042
-476.872708180372
-617.930983585313
-793.94985078439
-1005.83333570112
-1209.30862243577
-1303.25535793701
-1285.37760853022
-1242.41213033724
-1206.19269473288
-1171.20680447929
-1156.01083645269
-1195.59952226807
-1278.14824752055
-1404.93821101464
-1516.29328470237
-1615.95927643402
-1712.57446367358
-1817.64402528754
-1981.20858641716
-2168.39106326417
-2363.16682574344
-2636.78874379679
-2928.36094735853
-3185.82428608645
-3473.63466910206
-3753.92926793506
-4021.00210318907
-4263.65713069019
-4478.83697895079
-4731.13108378733
-4983.65775679447
-5211.7526454655
-5389.24864278467
-5520.94780252626
-5585.80002044026
-5641.52058082937
-5714.39627306493
-5720.51912172242
-5660.27755064462
-5620.79430177775
-5566.75490479802
-5478.34240914309
-5446.21016193284
-5508.05290976906
-5612.83442880639
-5725.89047705249
-5809.58863292798
-5901.50871436925
-6014.08562465485
-6174.86983749914
-6391.8819852038
-6565.52891582194
-6647.41344727438
-6739.05141574723
-6804.17001741164
-6792.7593763154
-6731.35636584054
-6714.73464913724
-6740.62516108965
-6762.05081594232
-6795.25178363848
-6870.77211871115
-6966.21333888821
-7070.60323517885
-7204.07844218368
-7290.73479950181
-7306.04650004392
-7333.66115274667
-7328.47902804686
-7344.99860808216
-7418.89300291967
-7490.85745476461
-7507.75013174967
-7500.34858288814
-7551.25163796393
-7691.23164831782
-7842.30939009123
-7919.19272681807
-7948.6899851783
-7989.03353987154
-8097.79664139839
-8276.91882662868
-8405.44866942406
-8514.83056245985
-8613.35768879861
-8629.2801400472
-8618.56364036149
-8690.82956838726
-8805.21080504417
-8926.16439498668
-9051.26454105977
-9094.61614250844
-9050.96475622739
-9001.38966648197
-8983.51422172804
-8950.30506484431
-8917.70463147059
-8960.05373360948
-8990.10060908681
-8954.82380504334
-8928.50905154625
-8899.69587269541
-8846.61286956126
-8757.46011843685
-8640.90801770553
-8556.67999528193
-8494.85183084772
-8424.62052411388
-8341.37486038656
-8176.62010568182
-7928.40024292985
-7664.96709258238
-7427.18292626067
-7204.48185383752
-6954.87306031155
-6694.86615787553
-6533.34024373168
-6466.57057962734
-6428.56456261293
-6446.92610951211
-6524.15298144936
-6554.67346868078
-6552.78544661375
-6585.34490952501
-6601.52632384518
-6655.72620106236
-6729.1655109181
-6724.6288211311
-6662.51467071238
-6590.57573612495
-6517.92247825264
-6483.21259161536
-6477.55101792982
-6509.17714941963
-6566.54211512844
-6627.12943106953
-6708.76960669544
-6809.65133207285
-6953.40923918091
-7120.73450487087
-7261.26803407899
-7433.1040397258
-7635.83647405794
-7844.59556511151
-8059.30950924078
-8269.54748419234
-8547.28707931847
-8885.03498673331
-9174.62876196295
-9359.31465153099
-9531.70651746573
-9717.56878688055
-9915.68750464655
-10105.8921652705
-10316.1462789886
-10574.7190321475
-10872.7178493619
-11170.6890777869
-11427.3472835045
-11684.7861448494
-11978.2086009921
-12288.0863941289
-12635.2900228781
-13035.9382355414
-13437.5083394836
-13791.4606217309
-14114.923577568
-14384.508537713
-14617.1844975055
-14814.545697369
-14985.9512406423
-15104.7358475201
-15124.6745097471
-15149.0760280501
-15243.1729908781
-15290.0754512283
-15268.5566120451
-15253.3087690452
-15224.5333743882
-15170.7653583027
-15137.0234378632
-15165.9896143276
-15268.9860638281
-15379.5568962882
-15462.7623790746
-15536.535432161
-15604.3656653408
-15629.9608197101
-15608.5837971896
-15515.8568456222
-15363.6887040477
-15237.7373571621
-15169.7213542024
-15089.6377118966
-15014.2759928213
-14940.4981811099
-14854.8069823329
-14788.712967359
-14803.1779715827
-14906.0943642656
-15020.5529525766
-15084.2944128952
-15035.4830909096
-14915.8411160641
-14792.6317422928
-14631.2285091334
-14460.5257303878
-14378.063207039
-14369.9873390815
-14425.3957645698
-14453.8238143907
-14451.7077370335
-14485.9381004647
-14559.5339683449
-14689.8718367491
-14869.4889644997
-15021.412281286
-15191.7721239511
-15429.0449395639
-15690.3721298442
-15945.4064223255
-16149.8769161812
-16320.3195858892
-16511.6941880752
-16694.5472752439
-16811.0902177535
-16895.8337027191
-16953.1485529833
-16967.3071770911
-16959.0467624201
-16917.6898289812
-16873.6435753724
-16847.2187823506
-16782.8286694817
-16714.5869815798
-16602.9786598403
-16456.4668385589
-16350.6034229
-16264.3890840783
-16185.0044644356
-16166.5838219622
-16214.8797353879
-16278.3208217858
-16357.9002475243
-16501.0483770269
-16691.8670128029
-16903.1240106738
-17092.8198276109
-17233.5594703393
-17305.2513072465
-17295.9124593297
-17298.8251399859
-17273.3194461423
-17165.6827393391
-17060.7682537838
-16989.3444237978
-16911.8617236246
-16805.5066757941
-16723.299595373
-16701.3125035634
-16712.6376331912
-16723.6535962933
-16736.7920739726
-16773.6899726241
-16799.2133136235
-16814.354267118
-16883.1603849657
-16914.6921230134
-16843.6777853594
-16701.0465067668
-16519.3518034069
-16393.8700386702
-16322.6644820827
-16295.6094568806
-16350.4678923237
-16486.9326032697
-16595.4331376866
-16596.6973790194
-16497.1354342487
-16356.74988926
-16241.0003479376
-16166.5205160247
-16126.2738824882
-16097.3407241484
-16150.004979085
-16262.2109086717
-16399.3829303152
-16510.9109276963
-16617.8146479571
-16695.5803189232
-16728.0527340934
-16740.1483003368
-16725.574769851
-16700.9651734053
-16653.707754031
-16565.495729548
-16513.375133288
-16564.5585194284
-16660.806272735
-16757.720316389
-16833.1024221877
-16932.5369427038
-17010.5109474963
-17033.4856189938
-17061.5021658049
-17126.9672375382
-17253.386203028
-17390.5651150005
-17474.3229254044
-17538.2962397001
-17567.9000845178
-17493.7614554572
-17336.2219629365
-17131.8347689934
-16921.1567244845
-16775.4450872518
-16693.3949956749
-16661.2430451799
-16641.9375065046
-16566.3830758195
-16477.4549997579
-16434.9663689869
-16394.3002274924
-16374.2434894196
-16371.5884368503
-16398.0963162901
-16494.6113734319
-16627.5029505873
-16768.3289316567
-16948.2275973502
-17097.5451469713
-17190.3395326219
-17275.4898199824
-17317.9864443951
-17340.418252173
-17329.4275570078
-17308.8017276247
-17340.2486972098
-17397.9601523416
-17473.3564680776
-17563.5146526979
-17687.3555865587
-17856.5584531297
-17970.4522042114
-17992.5506568941
-18034.7699159529
-18031.3664290787
-17965.5295989183
-17852.2403921161
-17718.650007022
-17629.2417889697
-17595.3527251255
-17614.7325693921
-17684.0159268989
-17764.6553086719
-17817.8984258615
-17828.9617848804
-17833.8151269809
-17886.8893429787
-17926.5637780488
-17907.8888646632
-17891.4980817783
-17845.6594291588
-17785.9721639545
-17717.7285644313
-17615.1011932135